100 0.01
100 0.001
100 0.011
100 0.007
100 0.012
100 0.016
100 0.014
100 0.018
100 0.013
100 0.016
110 0.019
110 0.017
110 0.014
110 0.016
110 0.012
110 0.008
110 0.003
110 0.003
110 0.003
110 0.002
120 0.005
120 0.002
120 0.003
120 0.003
120 0.007
120 0.005
120 0.008
120 0.003
120 0.005
120 0.007
130 0.003
130 0.004
130 0.004
130 0.003
130 0.005
130 0.006
130 0.004
130 0.004
130 0.007
130 0.003
140 0.009
140 0.011
140 0.01
140 0.006
140 0.004
140 0.009
140 0.004
140 0.011
140 0.005
140 0.01
150 0.011
150 0.007
150 0.014
150 0.011
150 0.009
150 0.007
150 0.008
150 0.011
150 0.019
150 0.015
160 0.012
160 0.018
160 0.016
160 0.019
160 0.013
160 0.007
160 0.017
160 0.042
160 0.04
160 0.007
170 0.007
170 0.007
170 0.018
170 0.03
170 0.031
170 0.042
170 0.008
170 0.015
170 0.023
170 0.009
180 0.01
180 0.017
180 0.043
180 0.021
180 0.017
180 0.027
180 0.012
180 0.037
180 0.026
180 0.011
190 0.018
190 0.017
190 0.021
190 0.023
190 0.032
190 0.018
190 0.02
190 0.014
190 0.019
190 0.031
200 0.045
200 0.036
200 0.019
200 0.039
200 0.027
200 0.021
200 0.035
200 0.03
200 0.033
200 0.02
210 0.028
210 0.021
210 0.029
210 0.028
210 0.021
210 0.027
210 0.02
210 0.024
210 0.032
210 0.023
220 0.025
220 0.03
220 0.036
220 0.026
220 0.031
220 0.021
220 0.03
220 0.03
220 0.022
220 0.023
230 0.03
230 0.027
230 0.029
230 0.032
230 0.028
230 0.026
230 0.032
230 0.027
230 0.033
230 0.029
240 0.04
240 0.034
240 0.041
240 0.04
240 0.041
240 0.037
240 0.036
240 0.04
240 0.036
240 0.04
250 0.045
250 0.036
250 0.04
250 0.046
250 0.039
250 0.037
250 0.043
250 0.038
250 0.039
250 0.04
260 0.048
260 0.045
260 0.049
260 0.046
260 0.046
260 0.051
260 0.045
260 0.046
260 0.046
260 0.043
270 0.049
270 0.049
270 0.048
270 0.05
270 0.051
270 0.047
270 0.045
270 0.045
270 0.049
270 0.046
280 0.055
280 0.05
280 0.05
280 0.055
280 0.049
280 0.054
280 0.05
280 0.051
280 0.049
280 0.049
290 0.055
290 0.05
290 0.053
290 0.052
290 0.052
290 0.058
290 0.055
290 0.057
290 0.052
290 0.055
300 0.061
300 0.062
300 0.06
300 0.065
300 0.07
300 0.069
300 0.07
300 0.077
300 0.071
300 0.062
310 0.078
310 0.079
310 0.078
310 0.078
310 0.082
310 0.085
310 0.079
310 0.086
310 0.085
310 0.077
320 0.088
320 0.094
320 0.082
320 0.075
320 0.075
320 0.076
320 0.071
320 0.077
320 0.076
320 0.09
330 0.098
330 0.093
330 0.095
330 0.09
330 0.092
330 0.092
330 0.088
330 0.09
330 0.091
330 0.091
340 0.106
340 0.102
340 0.106
340 0.1
340 0.096
340 0.09
340 0.088
340 0.089
340 0.09
340 0.09
350 0.11
350 0.108
350 0.108
350 0.11
350 0.106
350 0.11
350 0.111
350 0.113
350 0.109
350 0.104
360 0.127
360 0.129
360 0.121
360 0.109
360 0.11
360 0.101
360 0.106
360 0.106
360 0.122
360 0.12
370 0.128
370 0.132
370 0.129
370 0.135
370 0.137
370 0.128
370 0.133
370 0.13
370 0.128
370 0.123
380 0.128
380 0.127
380 0.125
380 0.134
380 0.141
380 0.152
380 0.141
380 0.146
380 0.144
380 0.148
390 0.14
390 0.143
390 0.148
390 0.145
390 0.132
390 0.133
390 0.131
390 0.141
390 0.14
390 0.141
400 0.176
400 0.17
400 0.164
400 0.165
400 0.163
400 0.177
400 0.162
400 0.146
400 0.145
400 0.144
410 0.162
410 0.172
410 0.167
410 0.17
410 0.171
410 0.179
410 0.174
410 0.165
410 0.169
410 0.151
420 0.172
420 0.171
420 0.193
420 0.196
420 0.197
420 0.188
420 0.192
420 0.196
420 0.195
420 0.185
430 0.174
430 0.173
430 0.189
430 0.195
430 0.19
430 0.202
430 0.197
430 0.202
430 0.198
430 0.195
440 0.247
440 0.191
440 0.211
440 0.216
440 0.215
440 0.226
440 0.227
440 0.213
440 0.224
440 0.202
450 0.199
450 0.204
450 0.214
450 0.22
450 0.214
450 0.23
450 0.219
450 0.228
450 0.205
450 0.196
460 0.223
460 0.273
460 0.265
460 0.272
460 0.27
460 0.264
460 0.245
460 0.224
460 0.235
460 0.259
470 0.25
470 0.262
470 0.253
470 0.258
470 0.244
470 0.225
470 0.238
470 0.253
470 0.252
470 0.261
480 0.309
480 0.316
480 0.274
480 0.26
480 0.314
480 0.308
480 0.329
480 0.317
480 0.308
480 0.256
490 0.333
490 0.37
490 0.382
490 0.375
490 0.337
490 0.444
490 0.603
490 0.484
490 0.357
490 0.297
500 0.339
500 0.367
500 0.373
500 0.372
500 0.366
500 0.318
500 0.385
500 0.412
500 0.396
500 0.405
510 0.699
510 0.716
510 0.699
510 0.655
510 0.735
510 0.688
510 0.679
510 0.768
510 0.642
510 0.661
520 0.426
520 0.412
520 0.367
520 0.351
520 0.413
520 0.428
520 0.422
520 0.375
520 0.523
520 0.423
530 0.439
530 0.446
530 0.387
530 0.434
530 0.455
530 0.447
530 0.424
530 0.399
530 0.447
530 0.456
540 0.617
540 0.565
540 0.529
540 0.528
540 0.466
540 0.49
540 0.537
540 0.538
540 0.497
540 0.491
550 0.546
550 0.505
550 0.476
550 0.472
550 0.512
550 0.512
550 0.481
550 0.477
550 0.525
550 0.524
560 0.522
560 0.593
560 0.589
560 0.622
560 0.537
560 0.627
560 0.62
560 0.517
560 0.603
560 0.587
570 0.577
570 0.561
570 0.661
570 0.64
570 0.538
570 0.652
570 0.634
570 0.547
570 0.616
570 0.613
580 0.713
580 0.761
580 0.799
580 0.66
580 0.801
580 0.755
580 0.706
580 0.781
580 0.704
580 0.738
590 0.735
590 0.696
590 0.72
590 0.707
590 0.697
590 0.751
590 0.733
590 0.701
590 0.717
590 0.704
600 0.852
600 0.896
600 0.829
600 0.895
600 0.828
600 0.921
600 0.877
600 0.899
600 0.899
600 0.918
610 0.883
610 0.795
610 0.898
610 0.812
610 0.899
610 0.847
610 0.824
610 0.848
610 0.786
610 0.894
620 1.055
620 1.188
620 1.027
620 1.169
620 1.041
620 1.08
620 1.052
620 1.093
620 1.062
620 1.144
630 1.053
630 1.426
630 0.998
630 1.001
630 0.874
630 0.877
630 0.845
630 0.81
630 0.858
630 0.87
640 1.02
640 1.057
640 1.035
640 1.041
640 1.035
640 1.057
640 1.097
640 1.029
640 1.137
640 1.028
650 0.984
650 0.855
650 0.913
650 0.945
650 0.963
650 0.951
650 0.903
650 0.961
650 0.877
650 0.932
660 1.143
660 1.166
660 1.21
660 1.127
660 1.307
660 1.114
660 1.177
660 1.136
660 1.132
660 1.248
670 1.012
670 1.15
670 1.033
670 1.128
670 1.025
670 1.111
670 1.046
670 1.042
670 1.077
670 1.061
680 1.457
680 1.411
680 1.376
680 1.367
680 1.353
680 1.41
680 1.453
680 1.389
680 1.341
680 1.384
690 1.333
690 1.228
690 1.326
690 1.257
690 1.213
690 1.354
690 1.211
690 1.233
690 1.332
690 1.21
700 1.65
700 1.692
700 1.706
700 1.682
700 1.69
700 1.725
700 1.748
700 1.671
700 1.742
700 1.767
710 1.697
710 1.731
710 1.72
710 1.69
710 1.682
710 1.772
710 1.723
710 1.7
710 1.702
710 1.661
720 1.623
720 1.63
720 1.716
720 1.677
720 1.661
720 1.656
720 1.742
720 1.732
720 1.687
720 1.776
730 3.251
730 3.208
730 3.192
730 3.102
730 3.171
730 3.113
730 3.152
730 3.24
730 3.238
730 3.378
740 3.415
740 3.41
740 3.395
740 3.364
740 3.333
740 3.336
740 3.352
740 3.376
740 3.395
740 3.551
750 3.667
750 3.766
750 3.646
750 3.637
750 3.651
750 3.821
750 3.67
750 3.679
750 3.722
750 3.782
760 5.36
760 5.276
760 5.214
760 5.207
760 5.257
760 5.31
760 5.347
760 5.358
760 5.251
760 5.222
770 5.425
770 5.481
770 5.562
770 5.591
770 5.443
770 5.424
770 5.469
770 5.442
770 5.492
770 5.601
780 4.839
780 4.666
780 4.729
780 4.7
780 4.666
780 4.83
780 4.796
780 4.836
780 4.783
780 4.711
790 5.877
790 5.967
790 6.099
790 6.065
790 5.928
790 5.866
790 5.883
790 5.924
790 6.09
790 6.077
800 6.556
800 6.512
800 6.54
800 6.527
800 6.729
800 6.648
800 6.487
800 6.475
800 6.497
800 6.769
810 6.906
810 6.765
810 6.696
810 6.736
810 6.892
810 6.841
810 6.735
810 6.673
810 6.663
810 6.847
820 7.422
820 7.119
820 7.072
820 7.072
820 7.252
820 7.313
820 7.156
820 7.044
820 7.105
820 7.32
830 7.244
830 7.224
830 7.069
830 7.046
830 7.22
830 7.189
830 7.074
830 7.033
830 7.046
830 7.236
840 8.045
840 7.918
840 7.906
840 7.992
840 8.157
840 7.969
840 7.914
840 7.934
840 8.065
840 8.027
850 7.905
850 8.021
850 8.131
850 8.062
850 7.9
850 7.888
850 7.978
850 8.128
850 7.971
850 7.915
860 8.191
860 8.427
860 8.394
860 8.204
860 8.206
860 8.311
860 8.388
860 8.203
860 8.518
860 8.456
870 7.517
870 7.208
870 7.195
870 7.187
870 7.433
870 7.514
870 7.222
870 7.116
870 7.193
870 7.428
880 9.632
880 9.493
880 9.592
880 9.724
880 9.57
880 9.492
880 9.616
880 9.774
880 9.484
880 9.475
890 8.648
890 8.46
890 8.447
890 8.451
890 8.444
890 8.487
890 8.443
890 8.49
890 8.485
890 8.451
900 9.708
900 9.723
900 9.733
900 9.696
900 9.744
900 9.766
900 9.733
900 9.712
900 9.732
900 9.705
910 9.256
910 9.245
910 9.257
910 9.238
910 9.285
910 9.234
910 9.249
910 9.252
910 9.267
910 9.315
920 10.628
920 10.62
920 10.573
920 10.609
920 10.59
920 10.594
920 10.587
920 10.602
920 10.575
920 10.623
930 10.015
930 10.034
930 10.042
930 10.005
930 10.038
930 10.043
930 10.012
930 10.023
930 10.068
930 10.06
940 10.945
940 10.945
940 11.008
940 10.939
940 10.971
940 10.949
940 10.937
940 10.946
940 11.019
940 10.967
950 10.54
950 10.473
950 10.595
950 10.445
950 10.451
950 10.598
950 10.57
950 10.443
950 10.532
950 10.489
960 11.911
960 11.928
960 11.916
960 11.911
960 11.917
960 11.931
960 11.881
960 11.858
960 11.852
960 14.58
970 12.664
970 12.555
970 12.515
970 11.974
970 11.945
970 12.287
970 11.68
970 11.676
970 11.654
970 11.621
980 12.484
980 12.467
980 12.545
980 12.545
980 12.527
980 12.549
980 12.518
980 12.457
980 12.463
980 12.461
990 12.163
990 12.16
990 12.109
990 12.211
990 12.12
990 12.147
990 12.116
990 12.11
990 12.108
990 12.189
1000 13.609
1000 13.576
1000 13.591
1000 13.569
1000 13.586
1000 13.572
1000 13.571
1000 13.591
1000 13.59
1000 13.585
